log2FoldChange	padj
304309	-0.873847885187839	NA
469478	0.917148119303353	0.551270647632348
208196	0.556420969606896	NA
358030	0.261950826333911	NA
16076	-0.792577452332588	0.172175337143367
35786	0.0814054174316455	NA
296165	0.388501832703091	NA
174920	0.263638299179639	NA
117676	-0.727626666838012	0.327847512713278
326792	0.208025537903032	NA
11380	0.343412999774014	NA
527323	0.324382593095637	NA
181344	0.261950826333911	NA
561483	-0.515305513556952	0.618461305054395
184450	-0.215159148664398	NA
272955	0.111777564389644	NA
241674	0.172521858305642	NA
301062	0.142152921131767	NA
220782	0.294010446137638	NA
177005	-0.937354821021815	0.0487687267732575
579750	0.324382593095637	NA
469778	-2.99224536333788	0.142591877079098
149335	-0.102514937162076	NA
249661	-0.343977413262952	0.735792838287815
110317	-0.54346773156473	0.629963502234037
345556	0.261950826333911	NA
348377	0.294010446137638	NA
205119	-0.0349554482864484	NA
555547	0.204581478109369	NA
344111	0.261950826333911	NA
230936	0.261950826333911	NA
266445	0.231578679375912	NA
527741	0.261950826333911	NA
553728	0.324382593095637	NA
180368	0.263638299179639	NA
60136	0.326070065941365	NA
181016	-0.247104184981509	0.808901107363997
253953	-0.242392275102603	NA
297708	0.261950826333911	NA
241520	0.356442212899364	NA
148303	0.261950826333911	NA
215231	0.142150343328881	NA
308873	-0.66039225684586	0.195315925719483
565812	0.583848933082408	NA
445073	-0.600366154757384	0.605825198124615
581773	0.324382593095637	NA
514445	0.140462238501915	NA
167602	0.284970577986921	NA
340615	-1.24742145296696	0.00292515225736935
227785	0.110090091543916	NA
185117	0.329506895899076	NA
253550	0.326070065941365	NA
368928	0.0830942939891249	NA
527327	0.261950826333911	NA
191687	0.174212686651234	NA
199149	0.261950826333911	NA
62513	-0.152155823838048	0.964443189866678
469893	3.26012259969735	0.00139323086038034
186357	0.324382593095637	NA
305760	0.408145525366755	0.495625985630423
306892	0.430843889325492	NA
325236	0.261950826333911	NA
269541	0.23839782871019	NA
277489	-0.569176519037018	0.275002865509591
2045	-0.296895942206113	0.754054765620182
554372	0.324382593095637	NA
84124	0.261950826333911	NA
571767	0.324382593095637	NA
301200	0.402403499785284	NA
195206	0.242478847132909	NA
463007	0.231578679375912	NA
362726	0.434932387622913	NA
586517	0.172522296638851	NA
323903	0.261950826333911	NA
306091	-0.555292856077841	NA
210793	0.299138177775623	NA
168089	0.159396391209433	0.87506852957531
112481	0.324382593095637	NA
295144	0.0544153168896085	NA
42839	0.234954469102515	NA
37798	0.324382593095637	NA
539014	-0.805486478946557	NA
539382	-0.0080205267368701	NA
407576	0.615120974004458	NA
302641	-0.0349540179396431	NA
295705	0.324382593095637	NA
305882	-0.00633607775089518	NA
173948	0.21006212083262	NA
199308	0.36396456798099	NA
162109	0.0561605946026916	NA
455796	0.261950826333911	NA
484401	-1.91866186473769	0.348530028889979
185864	0.263638299179639	NA
470663	0.526325416584578	0.903841658088194
122816	-1.77916582984601	0.196203395169818
99080	0.261950826333911	NA
587004	0.261950826333911	NA
15716	0.115159148659988	NA
71823	0.358129685745092	NA
270842	0.201206532417913	NA
29369	0.361925577738477	NA
295527	0.261950826333911	NA
592015	-0.46825187192222	0.686128577314913
237034	0.939689461515769	NA
469873	0.575133662659542	NA
297531	0.231578679375912	NA
530725	0.331553472726629	NA
146278	0.324382593095637	NA
510921	0.236642219955465	NA
288312	0.261950826333911	NA
591642	0.261950826333911	NA
164569	0.294010446137638	NA
321740	-0.748590197245738	0.149815293678209
278667	0.261950826333911	NA
169845	0.261950826333911	NA
179989	0.295697918983366	NA
76393	0.326070065941365	NA
115024	0.420624012696353	NA
194304	0.324382593095637	NA
407296	0.231578679375912	NA
187743	0.14384058989492	NA
194446	0.653868877755173	NA
326977	0.287144550944159	0.892326513066943
530629	0.356442212899364	NA
29566	0.261950826333911	NA
299755	0.263638299179639	NA
470243	1.8931958853532	0.063420351969389
158971	0.324382593095637	NA
68350	0.378271495382732	NA
248900	0.0561634091026389	NA
176519	0.327757538787093	NA
361013	0.231578679375912	NA
529979	0.324382593095637	NA
192952	0.471257011580923	NA
194648	-1.26603159097645	0.0026567985886095
296883	0.327757853156705	NA
114860	2.31663432529375	NA
180995	-0.777425349178501	0.530895184428341
159715	0.295697918983366	NA
212787	0.112228784109023	0.907139169771382
26715	-1.52405523088265	0.228346008067227
522087	-0.507602152201096	0.803853490459703
470724	0.206268950955097	NA
143519	0.324382593095637	NA
94496	0.872571823109472	NA
174136	0.261950826333911	NA
148090	0.261950826333911	NA
525474	0.356442212899364	NA
148099	0.261950826333911	NA
13839	0.324382593095637	NA
298224	0.324382593095637	NA
107252	0.363961708838511	NA
523363	0.324382593095637	NA
552026	0.231578679375912	NA
15286	0.301181173624375	NA
193210	0.0338757979209057	NA
193211	0.855363433026319	NA
197208	0.324382593095637	NA
207466	-0.234840452965294	0.907139169771382
469646	0.796642528426721	NA
28186	0.326070065941365	NA
304393	0.201206532417913	NA
73894	0.0612332401246092	NA
333807	0.326070065941365	NA
279192	0.428774854278214	NA
541301	-0.884974785385321	0.0746999579944841
181489	0.356442212899364	NA
365909	0.261950826333911	NA
549330	0.261950826333911	NA
174911	-0.0157498103747176	NA
43267	-0.461135217875398	0.66760414388556
88701	2.75573806476497	0.100523572152666
239053	0.354106061803489	NA
258325	0.295697918983366	NA
145696	0.356442212899364	NA
180285	-1.2140608723805	0.00213283828306908
181379	0.236646235549634	NA
107891	0.326070065941365	NA
311009	0.294010446137638	NA
317226	0.0508908873072183	NA
206803	0.324382593095637	NA
570957	0.261950826333911	NA
460478	0.398427608657908	NA
581109	0.0847867684484429	NA
258691	0.252651990199775	NA
196712	0.145531468395451	NA
260518	0.231578679375912	NA
75534	0.267013244871095	NA
215331	0.172521858305642	NA
303900	0.358129685745092	NA
494937	0.586789783443952	NA
336501	0.324382593095637	NA
149327	0.324382593095637	NA
287794	0.358129685745092	NA
167727	0.521950804690272	NA
43465	0.294010446137638	NA
198941	-0.342831032869862	0.432440452498216
561789	0.324382593095637	NA
150546	-0.440344615350922	NA
292073	0.261950826333911	NA
186294	0.23326615222164	NA
181028	0.324382593095637	NA
172163	0.39229567919912	NA
353853	0.261950826333911	NA
589746	0.388501832703091	NA
593352	0.267014208160527	NA
253896	-0.186816637223879	NA
77620	0.261950826333911	NA
293477	0.231578679375912	NA
351583	-1.33425849743821	0.366052997657002
88035	0.55233125627886	NA
322194	0.231578679375912	NA
340603	0.265325772025367	NA
181627	0.261950826333911	NA
515470	-0.0875330604677287	NA
312963	0.231578679375912	NA
469888	0.11346836305557	NA
46278	0.679942917186313	NA
52106	0.263638299179639	NA
290281	0.326070065941365	NA
190038	0.261950826333911	NA
344940	0.231578679375912	NA
344947	0.231578679375912	NA
176070	0.0814099117245525	NA
341089	0.324382593095637	NA
25543	0.356442212899364	NA
289304	-0.288133825652579	NA
583769	-0.429262862947453	NA
297602	0.204582224896837	NA
339852	-0.555469441783109	NA
204093	0.333595543700172	NA
300208	0.324382593095637	NA
509709	0.390128335120484	NA
471156	-0.368584955956322	NA
101445	0.261950826333911	NA
579541	-0.186815940682163	NA
21285	0.831543688306316	0.636912987026529
315391	0.327757538787093	NA
203602	-1.23114718586472	0.462250841902234
349431	0.231578679375912	NA
210095	0.0510387758860374	NA
33199	0.358129685745092	NA
293104	0.202894005263641	NA
578147	0.261950826333911	NA
270543	0.261950826333911	NA
204072	0.222180479245464	NA
44783	0.261950826333911	NA
320354	0.356442212899364	NA
96941	0.356442212899364	NA
564444	0.261950826333911	NA
373870	0.115152510081101	NA
98939	0.231578679375912	NA
269156	0.261950826333911	NA
575074	0.402461382429898	NA
94166	-0.888581073158602	0.33501843259374
210895	0.453039970194959	NA
38515	0.485456011113561	NA
208543	-1.05994966833	0.566717018607204
470429	1.72167324546369	0.1123201406156
167872	-0.182760157677972	NA
290030	0.261950826333911	NA
168212	0.324382593095637	NA
49406	0.356442212899364	NA
252936	0.765528143877337	0.470505192799566
495394	0	NA
168181	-1.70731666427976	0.0026567985886095
294022	0.200482754585147	0.911516621746248
14099	0.261950826333911	NA
347363	0.324382593095637	NA
358594	0.0601962253239946	NA
182122	0.0519811449700938	NA
268604	0.352791845875305	0.907139169771382
182125	0.23326615222164	NA
147991	0.261950826333911	NA
236021	-0.158195485720705	NA
555951	0.339725589216658	NA
90431	0.661926338216874	0.218681733733774
291720	0.111777564389644	NA
365635	0.534041451495758	NA
178915	-0.200797212258074	NA
133222	0.231578679375912	NA
209845	0.238397472015723	NA
212532	0.175903821394109	NA
589197	0.0189736506699193	NA
360268	-0.68607248142564	NA
151623	0.485456011113561	NA
355905	0.324382593095637	NA
313089	0.324382593095637	NA
222308	0.324382593095637	NA
322137	0.308458386640737	NA
189957	-0.646897788739885	0.80368677432251
129426	0.113465037235373	NA
295196	0.23326615222164	NA
549577	0.1720841764934	0.911437422456759
531722	0.231578679375912	NA
211054	-1.27363113070353	0.198389477416506
237468	0.358129685745092	NA
339067	0.201206532417913	NA
68340	0.523972798472606	NA
68341	0.326070065941365	NA
37768	0.231578679375912	NA
258710	0.261950826333911	NA
89770	-0.14488572924201	0.867268498542589
178001	0.356442212899364	NA
204889	-0.49024939947268	NA
194651	-0.567302694075797	0.413202362657131
451672	0.20458225547912	NA
347862	-0.705237751920387	0.126332977167225
18155	0.261950826333911	NA
170131	0.201206532417913	NA
287941	-0.166974618973586	NA
189820	0.210062230682708	NA
589989	0.0966107770049966	NA
549658	0.143840600745433	NA
188313	0.170834385459914	NA
189827	0.294010446137638	NA
547361	0.485456011113561	NA
370121	0.201206532417913	NA
174693	-0.430200994526118	NA
6402	0.202894005263641	NA
178713	0.261950826333911	NA
234346	0.261950826333911	NA
291421	0.261950826333911	NA
318446	0.402484551416293	NA
73666	0.261950826333911	NA
178486	-0.181480014926228	0.907139169771382
188196	0.201206532417913	NA
188194	0.111778770738712	NA
109670	0.358129685745092	NA
15292	0.324382593095637	NA
573135	0.261950826333911	NA
273707	0.363966400906813	NA
590182	0.261950826333911	NA
225088	0.324382593095637	NA
360483	0.324382593095637	NA
279450	0.356442212899364	NA
15054	1.06467613718352	0.197453704586435
294834	-0.0924143179721057	NA
58301	-0.122000250501999	NA
26639	0.261950826333911	NA
156758	0.261950826333911	NA
181432	-0.779189974582709	0.384869555053317
325586	0.299135805167282	NA
115278	0.369366089009348	0.868966899768911
325850	-0.74776837659853	0.653715925828265
249191	-0.212816235918331	0.899700494899082
425038	0	NA
132661	0.149319794873419	NA
184472	0.261950826333911	NA
274536	0.324382593095637	NA
195781	0.326070065941365	NA
183252	0.324382593095637	NA
174902	0.172522480396981	NA
544549	-0.220624493409806	NA
307058	0.270807097207443	NA
13995	0.170834385459914	NA
192232	0.231578679375912	NA
535825	0.0847850028678529	NA
187268	0.210062806211603	NA
315006	0.0544153750679569	NA
177482	0.294010446137638	NA
295471	0.294010446137638	NA
298918	0.295697918983366	NA
170262	0.261950826333911	NA
194870	-0.647865664433665	0.149815293678209
293600	0.261950826333911	NA
214503	0.50608325034981	NA
358748	0.34575332188155	NA
500281	0.52494061798107	0.410636514506778
184518	0.23326615222164	NA
99566	0.324382593095637	NA
182728	0.261950826333911	NA
182724	0.231578679375912	NA
577623	0.324382593095637	NA
227819	0.0814054174316454	NA
592901	0.751443007350247	NA
101634	0.261950826333911	NA
297208	-0.00801848510228561	NA
354890	0.324382593095637	NA
92743	1.07891819947736	0.470505192799566
189485	0.261950826333911	NA
215433	-0.487829463181511	0.59205022524729
188988	0.231578679375912	NA
165623	0.694246225415837	NA
165334	-0.0750872319490298	0.971344569241611
546042	-1.89228577544991	0.223583975303577
550270	0.263638299179639	NA
351753	0.261950826333911	NA
184602	0.356442212899364	NA
167664	0.231578679375912	NA
192573	0.0663106860715196	NA
241543	0.263638299179639	NA
520917	-0.558010827213905	NA
286210	0.3619235337012	NA
583958	0.0561629638916179	NA
259261	-0.150316781553819	NA
293231	0.647537406094884	NA
305562	0.163260535825894	NA
592346	-2.75447877405156	0.0085151057741546
325232	0.843338357329959	NA
261878	-0.969157403019443	NA
588912	0.359879041413215	NA
250395	0.294010446137638	NA
386273	2.83738535101284	0.0487687267732575
191531	0.324382593095637	NA
205408	0.204581478109369	NA
289181	0.261950826333911	NA
25552	-1.63146984263038	0.410908205282035
74211	0.348047701698129	NA
102425	0.0496158141803953	0.982046093708788
210552	-1.1655349175406	0.126093678889175
205241	-0.116286803767701	NA
90487	1.03696028493312	0.0516301116032218
42492	0.149313642696645	NA
9617	0.324382593095637	NA
265597	0.231578679375912	NA
168068	0.231578679375912	NA
135410	0.261950826333911	NA
290240	0.231578679375912	NA
363076	-0.896262432914541	0.203665611712716
231565	0.0920222555850036	NA
175401	-0.330176337192676	NA
149699	0.231578679375912	NA
52759	-0.73636112103493	0.608837348117784
586290	0.231578679375912	NA
158775	0.261950826333911	NA
190310	0.448371375633349	NA
303753	0.324382593095637	NA
197476	-2.28628357692706	0.0271481338545416
148500	-0.0113984962880793	NA
333355	0.426755697184315	NA
463116	0.326070065941365	NA
142000	1.24723171484755	NA
211205	-1.1443800419278	NA
361480	-1.44249935458885	0.147690376837378
209361	0.261950826333911	NA
203708	-1.49659993212593	0.0487687267732575
184864	0.261950826333911	NA
113558	-0.926409203574187	NA
190171	0.23326615222164	NA
237188	0.356442212899364	NA
308135	-0.172620483704319	NA
289699	0.324382593095637	NA
563574	0.261950826333911	NA
539107	0.350468120773524	0.59205022524729
563572	0.243860244061723	NA
459421	0.388501832703091	NA
208415	-0.727258826100727	0.384869555053317
176225	-0.279682676639039	NA
469852	0.0906126822078283	NA
511009	0.356442212899364	NA
510817	-1.48418063053224	0.2611826963758
172962	-0.972619227483219	0.432440452498216
175537	0.295697918983366	NA
302759	-1.07788512219939	0.160162669955216
179291	0.143843221414542	NA
113333	0.654952515058871	NA
484332	0.143842214358197	NA
566899	0.356442212899364	NA
484338	-0.901057351030441	0.46776267876732
198214	0.261950826333911	NA
296409	0.238396847294559	NA
263681	-1.45783211807169	NA
365602	0.202894005263641	NA
238071	0.968281415667609	NA
303213	0.294010446137638	NA
207065	0.108779663055333	NA
299777	0.295697918983366	NA
203232	0.201206532417913	NA
112848	-0.2948057110268	0.86226909399411
335519	-0.132887084120075	NA
355912	0.294010446137638	NA
568877	0.297385391829094	NA
137197	0.49158818031871	NA
14263	0.356442212899364	NA
426785	0.356442212899364	NA
216004	0.0223550960548438	NA
242308	-0.20924169726327	NA
10189	0.324382593095637	NA
68339	0.0519566875005279	NA
33987	0.358129685745092	NA
137666	0.356442212899364	NA
511510	0.231578679375912	NA
289917	0.261950826333911	NA
529733	0.261950826333911	NA
184287	0.301181160556821	NA
174501	0.358129685745092	NA
178016	-0.449849575584072	NA
528596	0.744674922876876	NA
24546	0.466533133714749	NA
238182	0.453039970194959	NA
306330	0.354523085483941	NA
545232	0.0206622887869994	NA
170124	0.172522383997717	NA
290751	0.324382593095637	NA
426436	-0.0367041538274385	NA
302188	0.201206532417913	NA
110815	0.183778533206311	NA
524842	NA	NA
229533	0.261950826333911	NA
591118	0.294010446137638	NA
179472	0.356442212899364	NA
308426	0.356442212899364	NA
296977	-0.104787936057662	NA
554904	0.231578679375912	NA
232800	0.0493457976279185	NA
288734	0.331551388203281	NA
319455	0.216150104155379	NA
591847	0.326070065941365	NA
324163	0.231578679375912	NA
533263	0.324382593095637	NA
394980	0.201206532417913	NA
8523	0.263638299179639	NA
532939	0.324382593095637	NA
100551	0.294010446137638	NA
216862	-2.07854300225772	0.0085151057741546
526199	0.246479990707142	NA
469661	0.326070065941365	NA
541328	2.18390601182086	NA
547221	-0.560726432791649	NA
554831	0.294010446137638	NA
46867	0.1455246570391	NA
200351	0.52400453751556	NA
73875	0.23326615222164	NA
219668	0.530519260339119	NA
213762	0.0189736506699193	NA
130419	0.201206532417913	NA
223222	-0.0444901221981896	NA
145765	0.324382593095637	NA
584543	0.324382593095637	NA
244304	-0.486101053869645	0.605622808751994
577380	0.326070065941365	NA
43950	0.170834385459914	NA
573384	0.261950826333911	NA
217426	0.294010446137638	NA
178578	-0.838783923007206	0.14878225245317
585138	0.261950826333911	NA
343815	NA	NA
292859	0.140462238501915	NA
181823	-0.62367045721283	NA
92629	-0.460661582446779	NA
261912	-0.902408766386984	0.0487687267732575
352304	-0.241804074689521	0.752714876535315
358779	0.261950826333911	NA
540224	0.263638299179639	NA
107854	-0.0329139187471154	NA
581962	0.111777564389645	NA
532612	0.0830975813850866	NA
359171	2.02969232792789	0.0685331787846052
195946	0.0814084652021551	NA
230479	0.145530693458668	NA
262794	0.231578679375912	NA
174809	-0.817863234396474	0.126513491855467
204917	0.388501832703091	NA
563359	0.294010446137638	NA
337670	0.356442212899364	NA
89232	0.641929187741093	NA
301004	0.204581478109369	NA
323221	0.261950826333911	NA
253709	0	NA
73450	0.100743430707361	NA
107290	0.324382593095637	NA
165322	0.261950826333911	NA
135578	0.261950826333911	NA
191303	0.163331162427508	NA
309534	0.326070065941365	NA
208386	-0.985361145789444	0.346701340218722
297020	0.261950826333911	NA
110215	0.598821610815034	NA
2181	0	NA
16223	0.2080189942085	NA
60254	0.491577284208267	NA
51831	0.324382593095637	NA
60251	0.453039970194959	NA
101516	0.301180371475566	NA
176465	0.476030953047956	NA
2217	0.110090091543916	NA
334839	0.356442212899364	NA
165257	0.263638299179639	NA
559213	0.261950826333911	NA
191547	-0.899392179291937	0.1123201406156
270383	0.390252133568399	NA
97679	0.420624012696353	NA
195252	0.294010446137638	NA
529905	0.261950826333911	NA
49088	0.324382593095637	NA
106258	0.261950826333911	NA
107272	0.294010446137638	NA
186382	0.261950826333911	NA
300041	0.295697918983366	NA
350373	0.263638299179639	NA
204673	-0.258018488344053	NA
248140	-0.908550271047845	0.156362230583476
534516	0.324382593095637	NA
509723	0.140462238501915	NA
358798	0.263638299179639	NA
193632	0.174214392764318	NA
153852	0.294010446137638	NA
43159	0.261950826333911	NA
469991	0.225969134432817	0.706745682404032
342380	-1.64406019072162	0.125952546262053
110968	-0.55330557581809	NA
9608	0.294010446137638	NA
204458	0.343815951134926	NA
211212	0.110090091543917	NA
208565	-0.0145350245601566	0.987974538272808
52562	0.113465037235372	NA
211219	0.21411199682999	NA
484430	0.342961726861975	NA
484437	1.28617700125576	NA
484436	0.327757538787093	NA
531353	0.324382593095637	NA
346705	0.455084187368252	NA
198176	-0.0663575655424757	NA
94102	0.58270461680854	NA
9514	0.718965104501469	NA
293631	0.261950826333911	NA
160191	0.294010446137638	NA
297642	0.15133262128879	NA
329360	0.231578679375912	NA
44126	0.336462733430016	NA
44695	0.170834385459914	NA
583653	0.261950826333911	NA
190765	-1.6317150480125	NA
295521	0.116907516279592	NA
9778	1.99286051890015	0.0085151057741546
565289	-0.590368699541941	NA
10517	0.261950826333911	NA
270896	0.202894005263641	NA
175508	0.231578679375912	NA
18951	0.326070065941365	NA
164515	0.424711228837358	NA
194202	0.324382593095637	NA
187470	0.0206664408860958	NA
243150	-1.09201492924222	0.296228062821879
179287	-0.364506190029621	0.566717018607204
289103	0.261950826333911	NA
38895	-0.344168037631878	0.892326513066943
70804	-0.00776123269494635	0.998766628402282
236821	0.294010446137638	NA
401688	0.261950826333911	NA
198512	0.231578679375912	NA
470747	-0.215048985133333	0.911437422456759
300862	0.21615084829477	NA
132318	0.140462238501915	NA
175296	0.261950826333911	NA
255518	0.294010446137638	NA
584417	-0.11981990499893	0.907139169771382
112070	0.523991016556772	NA
299762	0.396379823351346	NA
7046	0.294010446137638	NA
186621	0.324382593095637	NA
453756	0.294010446137638	NA
230271	0.261950826333911	NA
290696	0.153386197196846	NA
262803	0.514809386564005	NA
319938	-0.0260017817352274	NA
342367	0.267013658120774	NA
375225	0.532730672056651	NA
198426	-0.500999322325321	0.432440452498216
36611	0.261950826333911	NA
147885	0.453039970194959	NA
175189	0.261950826333911	NA
232696	0.261950826333911	NA
288438	0.519910324145864	NA
289929	0.329506895899075	NA
178809	0.324382593095637	NA
83271	-0.0317729155039778	0.987974538272808
59574	0.324382593095637	NA
562526	0.261950826333911	NA
39361	-0.0820570481435569	NA
15105	0.324382593095637	NA
179861	0.09659343681718	NA
566886	0.231578679375912	NA
161482	0.744787573415247	NA
186717	-0.83099652557977	0.272034323977252
203545	0.174212683065265	NA
191950	0.356442212899364	NA
289855	0.440956812835219	NA
179460	-0.232485692310502	NA
210292	0.202894220283195	NA
399586	-0.09913999147062	NA
252773	-0.589662938173033	NA
182894	0.261950826333911	NA
470369	0.20284526825001	0.906565100722791
188379	-0.104987357215076	NA
361751	0.261950826333911	NA
173379	0.324382593095637	NA
540352	0.0544149143160891	NA
529659	0.309328922187686	NA
525702	0.324382593095637	NA
50860	0.201206532417913	NA
13860	-1.31405287384204	0.144491412650681
580171	0.261950826333911	NA
42372	-0.822258413795554	0.551270647632348
296218	0.0797179445859172	NA
181943	-1.26228206255947	0.196203395169818
267192	0.140462238501915	NA
206631	0.294010446137638	NA
291561	0.261950826333911	NA
92501	-0.308945919337884	NA
291566	0.261950826333911	NA
136127	0.231578679375912	NA
560117	0.035913348074223	NA
388731	0.261950826333911	NA
273832	-0.255611144078608	NA
66557	0.263638299179639	NA
77833	0.324382593095637	NA
319847	0.324382593095637	NA
302974	0.261950826333911	NA
267447	0.261950826333911	NA
302970	0.120960020763882	NA
262492	-1.14238821142634	0.0858615513787131
183618	-0.697182209639674	NA
193312	0.142154443933406	NA
111771	-0.100826143911864	NA
361375	0.326070065941365	NA
273617	0.0544144118632399	NA
144179	-0.0210863051634087	0.987974538272808
100122	0.294010446137638	NA
181544	0.110090091543916	NA
594084	-1.04504341201487	NA
177911	0.261950826333911	NA
207344	0.0947042648335677	NA
214980	-0.782387246271086	0.215797480734107
214981	0.231578679375912	NA
207340	0.359879502279317	NA
110175	0.363966470126594	NA
179829	0.294010446137638	NA
206523	-0.504398177735845	0.605622808751994
338207	0.324382593095637	NA
178513	-0.427975315414263	0.551270647632348
74059	0.261950826333911	NA
192132	-0.771525807193839	0.106336209557629
166689	-0.252684282116546	NA
576068	0.326070065941365	NA
198997	-0.0113956035780077	NA
287508	0.0561628411033071	NA
188008	0.297386109466806	NA
130336	-0.129512138428619	NA
130337	0.204582194442203	NA
370697	0.263638299179639	NA
231128	0.324382593095637	NA
315117	0.140462238501915	NA
257071	0.769466490921555	NA
258202	0.356442212899364	NA
296038	0.220066574709408	NA
323234	0.324382593095637	NA
355255	0.025109857446029	NA
279543	0.909647238694391	NA
580312	0	NA
559063	-0.754540377898528	0.455452465395449
32727	0.231578679375912	NA
16214	0.294010446137638	NA
215767	0.250527069481538	NA
579000	0.208021710714421	NA
16219	0.294010446137638	NA
181056	-0.978200908001898	0.063420351969389
296298	-0.163259231078074	NA
324055	-0.220826654411799	0.932922850771173
183673	0.0202364568836306	0.988785512913198
147281	-0.649176461282763	0.59205022524729
235036	0.388501832703091	NA
2222	-0.209989091762643	NA
307490	-0.161225595787606	0.880777355170037
270625	0.116906112061426	NA
199013	0.104505311484007	0.913568943026478
177731	0.231578679375912	NA
328422	-1.37087953291843	0.178354723620687
244198	-0.204818482943517	NA
154106	0.32775839013483	NA
309413	0.681998343089348	NA
409686	0.261950826333911	NA
309419	0.294010446137638	NA
125665	0.170834385459914	NA
205466	-0.939613306603627	0.440180890575586
305729	0.201206532417913	NA
204593	-0.0996138958888563	NA
337270	0.263638299179639	NA
529472	0.0830975153674543	NA
177477	0.195859242687744	NA
315581	0.324382593095637	NA
134301	0.388501832703091	NA
245916	0.947085662090786	NA
128388	0.125055900068912	NA
345575	-0.0417675727652655	NA
292995	0.110090091543916	NA
320768	-1.0567679955906	0.0390194429862283
292688	0.294010446137638	NA
404318	0.451282683551643	NA
323142	0.430843889325492	NA
191319	0.231578679375912	NA
199746	0.201206532417913	NA
301110	0.0581857791346374	NA
362501	0.261950826333911	NA
299370	0.326070065941365	NA
539347	0.371587982190965	0.907139169771382
157036	0.261950826333911	NA
498091	0.261950826333911	NA
470993	1.12655987180919	0.197453704586435
188818	-0.56211972118646	0.484221831968014
198161	0.261950826333911	NA
353313	0.261950826333911	NA
269103	0.234953808064118	NA
9562	-0.0113345977659935	0.992585955465256
139660	0.324382593095637	NA
36800	0.356442212899364	NA
345114	0.261950826333911	NA
134232	0.23326615222164	NA
465686	0.201206532417913	NA
294078	0.358129685745092	NA
190191	0.115159065797259	NA
187447	0.263638299179639	NA
294672	-0.671906055019675	NA
342487	0.294010446137638	NA
219113	0.261950826333911	NA
194219	0.261950826333911	NA
112263	0.170834385459914	NA
360838	0.326070065941365	NA
169809	0.356442212899364	NA
164837	0.261950826333911	NA
39700	0.261950826333911	NA
78248	0.261950826333911	NA
37420	-0.904438816729003	0.615886560634174
269218	0.324382593095637	NA
275891	0.324382593095637	NA
295675	0.324382593095637	NA
44206	0.324382593095637	NA
211720	-0.869979968878691	0.524054825667362
362693	0.236644769678365	NA
340509	0.261950826333911	NA
291950	-0.613790082526023	NA
230263	-0.152018073941128	0.949495749483879
198239	0.461190894423752	NA
470172	0.957487096161145	NA
471486	0.294010446137638	NA
270972	0.357584066611867	0.757847811579573
186654	0.301179856817273	NA
291179	0.324382593095637	NA
533847	0.263638299179639	NA
536831	0.261950826333911	NA
316587	0.330208539402616	0.754054765620182
469946	-0.0758860586809667	NA
591049	0.231578679375912	NA
179381	0.297385906580304	NA
371870	0.202894005263641	NA
48583	0.777285012113086	NA
198434	0.329510208072129	NA
565565	0.23326615222164	NA
198432	0.0189744929670503	NA
182087	-0.373014881674797	0.481074121948268
269678	0.170834385459914	NA
178814	0.261950826333911	NA
296516	0.261950826333911	NA
511532	0.204582526235974	NA
157966	0.324382593095637	NA
290774	-0.253373540944242	0.80368677432251
59566	0.327758230151643	NA
291314	0.324382593095637	NA
66308	0.297385391829094	NA
43339	0.01480497977985	0.995042360077648
550936	0.400123776344626	0.735584294959814
76350	0.052722437027534	NA
111019	0.294010446137638	NA
232828	0.39229567919912	NA
585201	0.0111060794355511	NA
30013	0.110090091543916	NA
274244	-1.34398502500362	0.126093678889175
232823	0.324382593095637	NA
242070	0.388501832703091	NA
366702	0.261950826333911	NA
331156	0.261950826333911	NA
331150	0.13728840910536	NA
194994	0.294010446137638	NA
137557	0.265325772025367	NA
190188	0.324382593095637	NA
213747	0.100670893820826	NA
369164	-0.553627691833024	0.484221831968014
355063	0.327757538787093	NA
145968	0.231578679375912	NA
355066	0.324382593095637	NA
72853	-1.60723864886215	0.000310479270888232
531978	0.305253604309906	NA
338781	0.261950826333911	NA
471157	-0.0922179301771932	NA
288153	0.388501832703091	NA
233220	0.422668534433557	NA
212619	0.0797224441682695	NA
208901	-0.183432401585233	NA
318504	0.261950826333911	NA
158112	0.525392768885431	NA
590175	0.356442212899364	NA
22635	0.356442212899364	NA
299892	0.294010446137638	NA
313166	0.263638299179639	NA
544531	0.261950826333911	NA
181843	-0.762152272707421	0.232015563431821
23235	0.572653206741226	NA
145494	0.294010446137638	NA
365319	0.261950826333911	NA
532556	0.299134750384937	NA
92601	0.294010446137638	NA
187297	0.324382593095637	NA
558957	0.388501832703091	NA
301943	-0.855497061181101	0.431377990210249
318470	0.336214604480241	0.808901107363997
103620	0.0797179445859172	NA
560873	0.265325772025367	NA
3906	0.390251867198089	NA
145636	-0.0721427902040773	NA
145149	-0.563722435991743	0.417861430277791
213255	-1.574868155288	0.0858615513787131
74685	0.14931545128783	NA
192127	0.327757832339618	NA
101669	0.231578679375912	NA
185281	-1.20796337302299	0.0390194429862283
204932	-0.855154972279975	0.147690376837378
298468	0.261950826333911	NA
292216	0.261950826333911	NA
13893	0.374169191205147	NA
579924	0.324382593095637	NA
511006	0.324382593095637	NA
352449	0.138989206679929	NA
352215	-0.684690379762843	0.493089332671664
190984	0.261950826333911	NA
355246	-0.72622837705904	NA
355533	0.324382593095637	NA
16023	-0.131198371731313	NA
206178	0.261950826333911	NA
19747	0.324382593095637	NA
292039	0.324382593095637	NA
324283	-0.685879028206542	NA
292033	0.457127940293399	NA
25165	-0.217526409856851	0.689960793601678
17375	0.485456011113561	NA
231030	0.231578679375912	NA
315223	-0.116301424557915	NA
191306	0.23326615222164	NA
74465	0.329506895899076	NA
259097	-0.729355924791193	NA
106224	0.261950826333911	NA
74461	-1.093583925845	0.175771028426503
209578	0.620563810466964	NA
230528	0.172522293920375	NA
205678	0.503903724772776	NA
176312	0.294010446137638	NA
289449	0.324382593095637	NA
162201	0.324382593095637	NA
199006	-0.193631378036073	NA
16114	0.422667824697039	NA
209251	-0.141559827031824	0.923865283390573
306711	0.324382593095637	NA
348259	0.0561605081882686	NA
297133	0.170834385459914	NA
227285	0.388501832703091	NA
294448	0.294010446137638	NA
42680	0.324382593095637	NA
557450	-0.801231229967173	0.063420351969389
184729	-1.86304408198737	0.00213283828306908
233953	-0.0936604423271394	NA
204617	0.231578679375912	NA
166094	0.294010446137638	NA
130103	-0.158192317431373	NA
340517	0.324382593095637	NA
195470	0.261950826333911	NA
307536	0.0510386931059298	NA
512914	-0.588640924465523	NA
368029	0.324382593095637	NA
562962	0.294010446137638	NA
322604	0.324382593095637	NA
320156	-0.423761265150396	NA
270505	0.116904993700706	NA
166896	-0.0736698563089127	0.971344569241611
191109	0.324382593095637	NA
423742	0.206274082340141	NA
309773	0.170834385459914	NA
581021	0.267016667826255	NA
167430	0.0441160069819203	NA
102506	1.20174541215383	0.551270647632348
173917	0.179691053349288	NA
186277	0.133901582319917	NA
321822	0.261950826333911	NA
209196	-0.898393137746185	0.223583975303577
358447	0.294010446137638	NA
520734	0.324382593095637	NA
455503	0.261950826333911	NA
192672	0.324382593095637	NA
459896	1.42849084781475	NA
345104	-0.729709093675947	0.284229907122271
380392	0.261950826333911	NA
573969	0.339709771016507	NA
271563	0.789025498506546	NA
400559	0.324382593095637	NA
106698	0.267016956682127	NA
301405	0.324382593095637	NA
295243	0.261950826333911	NA
203592	0.312496727848092	0.907139169771382
203590	-1.30411494539719	0.00998282857857374
77371	0.327757538787093	NA
315779	0.294010446137638	NA
469824	-0.342436651833809	NA
315575	-0.773790244390381	0.566717018607204
195294	0.261950826333911	NA
20595	0.455084664425094	NA
304489	0.231578679375912	NA
211903	-0.751667432832836	0.139618696006088
470761	-1.30320266406148	0.298236098579837
203843	0.234954712692255	NA
264826	0.261950826333911	NA
528380	0.430837685632697	NA
133467	0.356442212899364	NA
363159	0.261950826333911	NA
295422	-1.23716744869447	0.238693106729489
360229	0.110090091543916	NA
86468	0.120953426196405	NA
542934	0.294010446137638	NA
186640	0.263638299179639	NA
512682	0.261950826333911	NA
203209	0.234956775014173	NA
291161	0.23326615222164	NA
208751	-0.278243244034824	NA
543088	0.231578679375912	NA
291890	0.725842385044474	NA
176895	0.263638299179639	NA
68657	0.324382593095637	NA
319197	0.36396420271955	NA
325738	-0.668757864637566	0.410908205282035
191809	0.23326615222164	NA
146557	0.261950826333911	NA
211013	0.297385391829094	NA
176544	0.394810722915681	0.808901107363997
518873	-1.07553426755658	0.316267374841662
414628	0.261950826333911	NA
205987	0.261950826333911	NA
543718	0.324382593095637	NA
357877	-1.01840976882818	0.594417293074098
569158	-0.406619324823385	NA
180927	0.202894143105343	NA
45919	0.261950826333911	NA
290787	0.356442212899364	NA
50208	0.324382593095637	NA
72999	0.324382593095637	NA
302377	0.0965748512910105	NA
179807	-0.108111946012165	0.899700494899082
538796	0.329676494574488	NA
169961	-0.191942661231768	NA
189862	0.324382593095637	NA
291090	-0.48545259734378	0.608837348117784
7151	0.263638299179639	NA
183564	0.324382593095637	NA
546436	0.324382593095637	NA
365676	0.324382593095637	NA
18759	0.261950826333911	NA
470382	-0.689666807595457	0.322316566843095
584439	0.324382593095637	NA
337465	0.231578679375912	NA
111232	0.324382593095637	NA
338681	0.0544128193356838	NA
186081	0.0797185551232997	NA
262304	0.501794900252691	NA
283193	0.295697918983366	NA
177848	0.263638299179639	NA
300629	-1.16945711399394	0.113295029178859
50448	0.698614103185075	0.477108048768864
356051	-0.998183669756664	0.301843701107274
550814	-0.000881996200728715	0.998849291116103
206611	0.183704316561522	NA
556244	0.261950826333911	NA
38129	-0.873123081759841	0.417731548484132
471141	0.265325772025367	NA
207580	0.326070065941365	NA
83175	0.143837184193371	NA
563047	0.079717944585917	NA
217410	0.324382593095637	NA
217417	0.324382593095637	NA
185651	0.324382593095637	NA
590169	0.0914430100686257	0.956407070410285
144395	0.715426240265541	NA
3861	0.653670699393282	NA
306062	0.324382593095637	NA
361312	0.294010446137638	NA
360574	1.70253142980403	0.322316566843095
352352	0.420500483495711	NA
245596	0.261950826333911	NA
327476	0.261950826333911	NA
50842	0.324382593095637	NA
187021	0.261950826333911	NA
77781	-0.522001275284051	NA
180216	-0.481712940878094	NA
3918	0.324382593095637	NA
563363	0.392296732367411	NA
331820	-0.554279345339272	0.417731548484132
196105	-1.10469686147682	0.0487687267732575
6733	0.356442212899364	NA
357658	0.294010446137638	NA
235127	0.532156167309324	NA
337083	0.265326248079598	NA
155236	0.231578679375912	NA
581201	-0.222312952479461	NA
493391	0.359879041413215	NA
180450	-1.63389550399768	0.139618696006088
276135	0.324382593095637	NA
556936	0.202894005263641	NA
162032	0.110090091543916	NA
55854	0.261950826333911	NA
16766	0.261950826333911	NA
56320	0.476066230861529	NA
220653	0.324382593095637	NA
358858	0.202894005263642	NA
575933	0.390251745466196	NA
92942	-0.0670803716668929	NA
130773	0.324382593095637	NA
77675	0.231578679375912	NA
300384	0.208023765198508	NA
310301	0.214104081808059	NA
350052	0.358129685745092	NA
249174	0.104979703287203	0.937515258914539
262452	0.261950826333911	NA
181189	0.261950826333911	NA
581933	0.420624012696354	NA
214549	0.55028833614254	NA
150661	0.40862453956317	NA
296377	0.359879775492287	NA
97627	0.170834385459914	NA
325254	0.261950826333911	NA
261500	0.261950826333911	NA
351880	0.231578679375912	NA
208029	0.140462238501915	NA
186869	0.11893388585077	NA
470812	0.0986455534208326	NA
259130	-0.843434273535401	NA
231310	0.191955223654945	NA
248759	0.294010446137638	NA
204620	-0.124040387008586	NA
552251	0.356442212899364	NA
2394	0.231578679375912	NA
24916	-0.756799510614457	NA
326403	0.636640253352959	NA
588534	0.358129685745092	NA
196812	0.261950826333911	NA
205531	0.321531663543076	NA
260741	0.294010446137638	NA
350447	0.329510252128924	NA
21213	-0.0496439464558913	NA
49616	1.77599669445885	0.175771028426503
103407	0.261950826333911	NA
278423	0.174212596000168	NA
290974	0.201206532417913	NA
470973	-0.611762735529019	0.228346008067227
2173	1.06360891296789	NA
553486	0.291020954960342	NA
2176	0.170834385459914	NA
41628	0.23326615222164	NA
4965	0.361925685533428	NA
349130	0.324382593095637	NA
290375	0.261950826333911	NA
113261	0.324382593095637	NA
512239	0.170834385459914	NA
587510	0.261950826333911	NA
49274	-0.3956422583042	0.374150043305854
1931	0.356442212899364	NA
91008	0.23326615222164	NA
216607	0.492123460213465	NA
157470	0.261950826333911	NA
301410	0.294010446137638	NA
301415	-0.036708224708894	NA
338991	0.388501832703091	NA
198523	0.261950826333911	NA
78223	0.356442212899364	NA
436032	0.231578679375912	NA
198528	0.0865297317859654	NA
21698	-0.77297306700398	NA
570110	-1.33790000449625	0.144491412650681
45604	0.406591334099579	NA
77449	0.143837184193371	NA
295652	0.261950826333911	NA
187767	-0.905975002326735	NA
14227	1.3517085548129	0.0446072994920029
198251	0.326070065941365	NA
196581	0.507480703226303	NA
291937	0.261950826333911	NA
193230	0.294010446137638	NA
470150	0.436618424084846	NA
513742	0.261950826333911	NA
329443	-0.918804423645507	0.328784437095894
113865	-1.64428974956541	0.149815293678209
261022	-0.0492937278682144	NA
352427	0.326070065941365	NA
252508	-0.983639153736741	0.126332977167225
571220	-0.413954161829194	0.59205022524729
299135	0.179681410460548	NA
13125	0.261950826333911	NA
146564	0.11894484743249	NA
157566	-0.722942919475931	0.149815293678209
179655	-0.574486687937758	0.417353611645112
291844	-0.684553086367376	NA
178529	0.274894568988462	NA
441329	-0.0400831704003502	NA
336905	0.261950826333911	NA
415631	0.261950826333911	NA
311684	0.170834385459914	NA
191900	0.324382593095637	NA
187612	-0.246572970979401	0.892326513066943
316326	0.261950826333911	NA
298548	0.147274022814243	NA
299042	0.261950826333911	NA
197765	0.261950826333911	NA
290559	0.263638299179639	NA
174624	0.236646301133045	NA
174625	0.172521858305642	NA
174620	0.170834385459914	NA
182190	-1.26277367891857	0.00747483119635927
525378	0.23326615222164	NA
546227	0.234957093276385	NA
237324	-0.737718967307148	0.251589123530179
237323	0.123030826127869	NA
470392	-0.493973175551478	0.614474306824399
190914	0.261950826333911	NA
339743	0.388501832703091	NA
304523	0.716540724109338	NA
294869	0.231578679375912	NA
179903	-1.01725379802938	0.165360006197318
179905	0.324382593095637	NA
184136	0.265325811079124	NA
109334	0.231578679375912	NA
300890	0.261950826333911	NA
279179	0.261950826333911	NA
186456	-0.127994652120298	0.873148568249216
368412	0.261950826333911	NA
205846	0.231578679375912	NA
552238	0.263638299179639	NA
216554	0.610721192733178	0.560027399359538
313823	0.261950826333911	NA
268327	-1.75782869702905	0.410908205282035
182994	-0.5050768307078	0.376863519746038
560141	0.517872133676065	NA
114950	0.231578679375912	NA
563485	0.261950826333911	NA
303036	0.201206532417913	NA
188238	0.294010446137638	NA
188588	0.0905933230382316	NA
154802	0.517871235201583	NA
545018	0.0814054174316452	NA
580521	0.324382593095637	NA
181519	0.331553452117295	NA
197199	0.453039970194959	NA
27633	0.324382593095637	NA
258785	0.261950826333911	NA
305841	0.324382593095637	NA
352182	0.358129685745092	NA
302812	0.324382593095637	NA
189725	-0.0369976605850396	NA
248563	0.191890715440426	NA
534168	0.324382593095637	NA
223351	0.137775354454495	NA
150250	0.201206532417913	NA
193452	0.261950826333911	NA
259306	0.581812026873479	NA
589923	0.139248254139958	NA
193297	0.246531958616525	NA
306647	0.519916190645614	NA
469482	-1.22481093253127	NA
93158	0.554376683011859	NA
334508	NA	NA
258099	0.183732025435919	NA
181468	0.234953625067368	NA
3852	0.268763285205029	NA
587696	0.324382593095637	NA
241170	1.3832544450065	0.322316566843095
177841	0.261950826333911	NA
181244	0.231578679375912	NA
165690	0.231578679375912	NA
183914	0.261950826333911	NA
92034	0.140462238501915	NA
14179	0.299134750384937	NA
131364	0.324382593095637	NA
192071	-0.612320536395779	0.126513491855467
286716	0.261950826333911	NA
140398	0.324382593095637	NA
25695	0.324382593095637	NA
288950	0.324382593095637	NA
195730	0.324382593095637	NA
196007	0.110093068169449	NA
359533	0.261950826333911	NA
181649	0.201206532417913	NA
287666	0.443091053833144	NA
276742	-0.792597718990753	NA
181882	-0.740943534764195	0.224618465399074
277612	-0.273065967606532	NA
292302	0.261950826333911	NA
312780	0.326070065941365	NA
266800	0	NA
332860	-0.481968839866766	0.636912987026529
500699	0.324382593095637	NA
563164	0.261950826333911	NA
277985	0.326070065941365	NA
261516	0.261950826333911	NA
183824	0.396371618509146	NA
183822	0.261950826333911	NA
292941	0.294010446137638	NA
470805	0.932585805061738	0.21211703186669
470807	0.76568444930968	0.689960793601678
262735	0.354500794872142	NA
389566	0.324382593095637	NA
311308	0.294010446137638	NA
351639	0.201206532417913	NA
182512	-0.819209769743724	0.149815293678209
268332	-0.841010907160645	0.322316566843095
165851	0.388501832703091	NA
200337	0.324382593095637	NA
203762	-0.0268054629582426	NA
293546	0.261950826333911	NA
166635	0.201206532417913	NA
199739	0.261950826333911	NA
195173	0.420623332441493	NA
290894	0.261950826333911	NA
301561	-0.0207161141702528	NA
297804	0.324382593095637	NA
176386	0.116905064347861	NA
211254	0.201206532417913	NA
236261	1.04371675999415	NA
301364	0.0804392299185117	NA
560704	0.261950826333911	NA
514694	0.170834385459914	NA
204121	0.321766270905679	NA
244707	0.888474169791789	NA
176144	0.140462452463885	NA
327291	0.327757538787093	NA
233848	0.238395964620173	NA
340684	-0.0666590424113951	0.982692003564734
329703	0.23326615222164	NA
205304	-1.22971368586528	0.0516301116032218
555009	0.324382593095637	NA
211458	0.274875617991352	NA
9555	0.356442212899364	NA
104447	0.294010446137638	NA
104780	-1.44863354918997	0.0487687267732575
199421	0.356442212899364	NA
14036	0.102466110816616	NA
210811	0.388501832703091	NA
193852	0.359879721699825	NA
353009	0.201206532417913	NA
469800	-1.02253479899996	0.182878755832756
332126	0.324382593095637	NA
299231	0.261950826333911	NA
193509	0.324382593095637	NA
254175	0.303223138128071	NA
245117	-0.0974487252661046	NA
362539	0.178120521258345	0.862553816048796
209103	0.326070065941365	NA
179228	0.206276136829081	NA
589530	0.261950826333911	NA
346275	0.231578679375912	NA
301772	0.231578679375912	NA
236884	0.356442212899364	NA
455671	0.295697918983366	NA
519677	0.324382593095637	NA
158370	0.552332471311931	NA
302037	0.261950826333911	NA
176336	0.294010446137638	NA
469972	-0.208873955186884	0.808901107363997
176334	0.263638299179639	NA
237138	-0.520021530767566	0.417731548484132
437135	0.263638299179639	NA
193868	0.236646257413284	NA
237133	-0.497198925611456	NA
509971	0.261950826333911	NA
171399	0.261950826333911	NA
108436	0.261950826333911	NA
15141	-0.188566545115216	NA
334663	0.261950826333911	NA
178512	-0.0991341891191802	NA
319666	0.388501832703091	NA
470239	-0.407859209409996	0.624933869628345
343761	0.261950826333911	NA
332584	0.294010446137638	NA
298553	0.263638299179639	NA
194439	0.324382593095637	NA
311471	NA	NA
264585	0.263638299179639	NA
103120	0.326070065941365	NA
20310	0.0306522835231241	NA
31735	0.261950826333911	NA
164660	NA	NA
370431	-0.704905863419956	0.432440452498216
370433	0.201206532417913	NA
296257	-0.220627404455854	NA
292387	0.324382593095637	NA
302545	0.324382593095637	NA
178994	0.123407481870272	NA
296496	0.01337010213664	NA
107009	0.777285012113086	NA
175922	-0.097448105863528	NA
243860	0.519916190645614	NA
26896	0.324382593095637	NA
519457	0.324382593095637	NA
218720	0.110090091543916	NA
340995	0.0992743298098864	NA
263074	0.261950826333911	NA
72820	0.324382593095637	NA
114946	1.14603480844735	NA
23757	-0.370294451385802	NA
266777	0.142149711347643	NA
185187	-0.64847261039617	0.566717018607204
229348	-0.0632933481644691	NA
266771	0.204581478109369	NA
327452	0.294010446137638	NA
299441	1.11250213783812	NA
184211	0.358129685745092	NA
529292	-1.64458826778933	0.0252192220780031
365327	0.231578679375912	NA
196932	0.111780748382544	NA
195926	0.893425668596244	0.022610686428639
9838	0.263638299179639	NA
6473	0.23326615222164	NA
15366	0.517872133676066	NA
79234	0.170834385459914	NA
549499	-0.593907909669104	NA
248516	0.261950826333911	NA
213045	0.640187411502832	NA
248514	0.261950826333911	NA
309966	0.263638299179639	NA
288212	0.294010446137638	NA
196167	0.142150416604689	NA
136238	0.324382593095637	NA
131571	0.111777564389644	NA
193448	0.263638299179639	NA
74655	0.263638299179639	NA
278873	-0.181016399108103	NA
529857	0.294010446137638	NA
177392	0.261950826333911	NA
308167	0.324382593095637	NA
428237	0.358129685745092	NA
312461	0.265699918954059	NA
541602	0.170834385459914	NA
224539	0.324382593095637	NA
17538	0.101285014435509	NA
180304	0.261950826333911	NA
358872	0.261950826333911	NA
235071	0.115160173488858	NA
287655	0.231578679375912	NA
551781	0.641926693270831	NA
139407	0.263638299179639	NA
209524	0.261950826333911	NA
431304	0.324382593095637	NA
266198	0.201206532417913	NA
189047	0.145531438917931	NA
300568	-0.00049831684774169	NA
292310	0.261950826333911	NA
215543	0.23326615222164	NA
181892	-0.0367011869682853	NA
177772	0.161531093716477	NA
581662	0.261950826333911	NA
89574	0.324382593095637	NA
348514	1.27689324898532	0.184495714804108
428705	0.374091262169395	NA
310222	-1.87581714593516	0.178354723620687
497935	-0.615123759940399	0.471792237833518
231376	0.261950826333911	NA
189310	-0.578380145511236	0.325010327681926
13430	0.324382593095637	NA
348863	0.201206532417913	NA
101433	0.142153063580294	NA
172603	-0.150587277679728	NA
117121	0.324382593095637	NA
82283	-0.0308920980369133	NA
292551	0.356442212899364	NA
101672	0.519916190645614	NA
46159	0.896539355539733	0.614474306824399
321628	0.324382593095637	NA
186999	0.261950826333911	NA
2375	0	NA
177179	0.23326615222164	NA
193662	0.231578679375912	NA
2370	0.356442212899364	NA
326464	0.324382593095637	NA
510233	0.201206532417913	NA
358449	0.172522349757108	NA
247556	0.261950826333911	NA
294254	0.268769174749944	NA
350910	0.361925570876363	NA
10302	0.261950826333911	NA
227369	-0.18681705327079	NA
407754	-0.473088579606825	NA
99351	0.326070065941365	NA
350467	0.294010446137638	NA
336217	0.263638299179639	NA
531329	0.147277182480491	NA
258626	0.23326615222164	NA
337187	-0.619526345104027	NA
218121	0.324382593095637	NA
578799	-0.059209366212985	0.971344569241611
162184	0.324382593095637	NA
270355	0.0622573903469352	NA
178146	0.0814054174316452	NA
320030	0.202894005263641	NA
99826	0.684042844888405	NA
104793	0.261950826333911	NA
14023	0.261950826333911	NA
517331	0.0682622559596368	0.987974538272808
333426	0.261950826333911	NA
203788	-0.298022424795903	0.690828411456905
294639	NA	NA
236480	0.445307981587779	NA
158660	-0.423454801584398	0.413202362657131
172274	-0.712470742376333	NA
531436	0.272832271985936	NA
566658	0.779812139058256	NA
163696	0.201206532417913	NA
192536	0.0725186891931071	NA
362015	0.261950826333911	NA
337299	0.265325772025367	NA
367068	0.155450444682495	NA
235858	0.295697918983366	NA
350865	0.358129685745092	NA
470139	0.378872586137799	0.606082415008788
274455	-0.218937107060826	NA
71685	-0.377614422697667	0.551270647632348
195999	-0.317498571043655	0.7610226394467
285937	0.263638299179639	NA
299115	0.261950826333911	NA
174738	0.151332415937535	NA
194672	0.265325772025367	NA
14156	0.155688022077989	NA
14157	0.359879041413215	NA
469903	0.261950826333911	NA
278758	0.358129685745092	NA
355503	0.424711720118397	NA
58295	0.231578679375912	NA
58296	0.263638299179639	NA
146502	0.356442212899364	NA
71202	0.23326615222164	NA
92430	0.261950826333911	NA
157547	1.03879300725728	NA
291684	0.23326615222164	NA
147100	-0.292520226799648	NA
555555	0.327757538787093	NA
132892	0.231578679375912	NA
517044	0.356442212899364	NA
302128	0.261950826333911	NA
291045	0.517872133676066	NA
353618	0.324382593095637	NA
306107	0.430778447319603	NA
219733	0.170834385459914	NA
322505	0.324382593095637	NA
198270	0.231578679375912	NA
525354	0.410693535432292	NA
327592	0.261950826333911	NA
261434	0.261950826333911	NA
174194	-0.378138686703739	0.622529490717585
72147	0.324382593095637	NA
24370	0.140462238501915	NA
168595	0.261950826333911	NA
33833	0.409015289673278	NA
187121	-0.814252202166577	0.395627298142723
522135	0.172521858305642	NA
306249	0.231578679375912	NA
331116	-0.0991386746719621	NA
156433	0.324382593095637	NA
302239	0.358129685745092	NA
193067	0.410396360011041	NA
268730	0.324382593095637	NA
183487	0.324382593095637	NA
213870	0.478570108125738	NA
322219	0.114216124348755	NA
137353	0.227777119915934	0.911516621746248
591439	-0.458617360471195	NA
242651	0.356442212899364	NA
114970	NA	NA
234488	0.268764124467241	NA
144720	0.261950826333911	NA
34466	0.356442212899364	NA
162018	0.202894005263641	NA
540230	-1.60155186172303	0.33501843259374
361324	0.294010446137638	NA
289622	0.236644570505231	NA
126315	0.396375761968992	NA
35735	0.261950826333911	NA
109771	-0.0653265856043884	NA
327933	0.261950826333911	NA
308774	-0.191938120917102	NA
9822	0.261950826333911	NA
150878	0.201206532417913	NA
184209	0.331552929957046	NA
184208	NA	NA
31573	0.0987490784478631	NA
27071	-0.6877744980938	0.343846328767498
187010	-0.599228876487348	0.265687961841441
187014	0.265325772025367	NA
279026	0.356442212899364	NA
556126	-0.474281949496649	NA
205290	-0.254375671952071	NA
175981	0.294010446137638	NA
288756	0.625424292103718	NA
230534	-0.331050699761561	NA
398138	0.324382593095637	NA
156052	0.34584869852227	NA
151013	0.261950826333911	NA
319438	-0.916936745400884	0.0911382748984178
245707	0.29867120060618	NA
188077	0.263638299179639	NA
214009	-0.633231727083992	0.333300354834861
212503	-1.26452879208835	0.00907695371765447
570930	0.140462238501915	NA
3947	0.390251186927355	NA
192252	-0.135844260106779	NA
511044	1.00265315221985	0.455452465395449
344329	0.261950826333911	NA
189272	0.295697918983366	NA
533168	0.295697918983366	NA
231752	0.157487124303808	NA
522353	0.0885742242199254	NA
114284	0.0544082161651027	NA
320855	0.140462238501915	NA
180468	0.231578679375912	NA
358809	0.113469749283175	NA
181226	0.388501832703091	NA
227953	0.704085819922525	0.322316566843095
287645	0.231578679375912	NA
151870	0.0493457976279188	NA
184670	0.261950826333911	NA
12343	0.324382593095637	NA
130706	0.420624012696353	NA
573305	-0.126071364586697	NA
253301	-0.914696195631465	0.59205022524729
56510	0.324382593095637	NA
114591	-0.0234051519436545	NA
315982	-0.158452826015408	0.899700494899082
593598	0.208024661794249	NA
306758	0.388501832703091	NA
294851	0.261950826333911	NA
580270	0.324382593095637	NA
190872	0.295697918983366	NA
86458	1.18939937534985	0.0912447538191987
369416	0.261950826333911	NA
21823	0.55028833614254	NA
82812	0.261950826333911	NA
181139	-0.218935841494992	NA
182533	0.0435066644018076	0.992354559217371
167588	0.231578679375912	NA
182539	-1.05496129397773	0.0517857183937392
150451	0.42471228655425	NA
234887	0.0830928902773736	NA
303877	-1.10538539890449	0.0542213490429763
292569	0.261950826333911	NA
544801	0.234956652146581	NA
322991	-0.0721427902040773	NA
307574	0.455084285021875	NA
27160	0.426755697184315	NA
227372	0.324382593095637	NA
124309	0.0847818023145501	NA
294246	0.994422623415541	NA
510080	-2.23071954434759	0.0390194429862283
547913	0.00549611940656323	NA
186233	0.083099309435719	NA
191389	0.324382593095637	NA
162427	0.294010446137638	NA
254376	0.294010446137638	NA
199622	0.23326615222164	NA
552928	0.487499988178816	NA
235998	0.261950826333911	NA
204782	0.265325772025367	NA
329728	0.588833874520503	NA
329503	0.261950826333911	NA
299214	0.324382593095637	NA
343362	0.0830992981993842	NA
513605	0.17420933115137	NA
295754	0.27080703381144	NA
325403	0.997469408948755	NA
95168	0.647537406094884	NA
176297	0.294010446137638	NA
521927	0.388501832703091	NA
191476	0.267016702596703	NA
20799	-1.30263184909056	NA
294626	0.267013244871095	NA
301956	-0.467659309650232	0.868966899768911
33112	0.299140571177161	NA
237208	0.356442212899364	NA
167365	0.437726523413095	NA
380753	0.422667824697039	NA
319681	0.295697918983366	NA
17598	0.231578679375912	NA
149199	0.261950826333911	NA
212878	-0.2952267856813	0.689960793601678
320115	0.140462238501915	NA
236623	0.31139031562784	NA
185961	-0.442494826361047	0.622529490717585
162048	0.23326615222164	NA
53470	-0.00633422121422666	NA
578588	0.23326615222164	NA
146190	0.157491805729731	NA
587142	0.317482275925918	NA
113349	0.327757538787093	NA
332077	-1.1662531902606	0.301191477991823
353110	0.651626197593939	NA
39644	0.231578679375912	NA
180864	1.25598562365752	NA
14163	0.225189273997426	NA
567604	0.23326615222164	NA
469918	-0.737189234277842	0.462513587721653
106166	0.324382593095637	NA
199293	-0.514808123133894	0.241650920993422
142675	0.324382593095637	NA
182034	0.261950826333911	NA
298451	0.294010446137638	NA
336002	0.204581478109369	NA
157083	0.455083865615979	NA
114821	-0.501677182915644	0.509640224681836
232434	0.0257904713210548	NA
544392	0.201206532417913	NA
470219	0.303223082975215	NA
272076	0.420624012696353	NA
288295	0.324382593095637	NA
469868	0.326070065941365	NA
564649	-1.19904309304923	NA
352733	0.295697918983366	NA
298533	-0.175951892373866	0.937515258914539
108747	-0.733619394934916	0.417353611645112
274533	0.140462238501915	NA
179681	0.324382593095637	NA
540710	0.231578679375912	NA
197710	0.261950826333911	NA
288565	0.324382593095637	NA
470451	1.35449861603015	0.184875315464937
164603	0	NA
86757	0.175898582519672	NA
142216	0.295697918983366	NA
182810	0.175901869128227	NA
184163	-0.0167568580211111	NA
327583	0.172521858305642	NA
175907	-1.38446935956107	0.091565166478128
288588	-0.923920900593062	NA
296901	0.261950826333911	NA
289087	1.18083669142562	NA
328825	0.261950826333911	NA
264496	0.0189736506699195	NA
360408	0.324382593095637	NA
259132	0.261950826333911	NA
565606	0.388501832703091	NA
178970	0.39229567919912	NA
344780	0.294010446137638	NA
363997	0.324382593095637	NA
471185	NA	NA
534193	0.347854923551148	NA
72807	0.358129685745092	NA
17854	NA	NA
368422	0.172522111821	NA
234273	-0.370197979583517	NA
242626	0.324382593095637	NA
204625	-1.43597364882737	0.184495714804108
243487	0.261950826333911	NA
111135	-0.129510832885126	NA
193314	0.110090091543916	NA
217109	0.231578679375912	NA
111712	0.261950826333911	NA
361864	0.170834385459914	NA
100412	0.23326615222164	NA
291470	0.170834385459914	NA
173245	-1.25873061860011	NA
169255	0.261950826333911	NA
151006	0.388501832703091	NA
208843	-0.556382201324444	NA
127309	-1.12600028949572	0.0487687267732575
296583	0.140462238501915	NA
180070	0.331552209127976	NA
166869	-0.0113984962880792	NA
177404	0.201206532417913	NA
339191	0.23326615222164	NA
36226	0.0189746400062397	NA
301803	0.324382593095637	NA
136526	0.294010446137638	NA
237991	0.388501832703091	NA
203620	-1.48179247351377	0.0407222099821103
136529	0.267018743346484	NA
312940	0.356442212899364	NA
145887	0.295697918983366	NA
205618	-0.581307332118686	0.33501843259374
355146	0.261950826333911	NA
19191	0.033885863891934	NA
389371	0.170834385459914	NA
145889	-0.72069157894193	NA
11214	0.0797179445859174	NA
100258	0.368055463160981	NA
73998	-0.0991399914706198	NA
230618	0.261950826333911	NA
234054	0.265325772025367	NA
92349	0.297385391829094	NA
234724	0.111777564389644	NA
214725	0.202894176438903	NA
127545	0.265325772025367	NA
354387	0.331552986568085	NA
177359	-0.00458170596273917	NA
32988	0.261950826333911	NA
177351	-0.165915174565202	NA
577153	-0.167907696954251	NA
200879	0.324382593095637	NA
22425	0.263638299179639	NA
109014	-0.798125854351193	0.241650920993422
205022	0.324382593095637	NA
215855	0.261950826333911	NA
155341	0.365987551059394	NA
344025	0.231578679375912	NA
227412	0.263638299179639	NA
303082	0.261950826333911	NA
197817	0.295697918983366	NA
349216	-0.932935182917899	0.091565166478128
550364	0.301181175823302	NA
187802	0.204582564633019	NA
297458	0.23326615222164	NA
372529	0.294010446137638	NA
16182	0.356442212899364	NA
184778	-0.903203282607569	NA
241415	0.110090091543916	NA
297182	0.324382593095637	NA
332814	0.231578679375912	NA
266244	0.324382593095637	NA
198914	0.261950826333911	NA
293516	0.324382593095637	NA
345319	-0.673770473206104	0.265687961841441
560314	0.261950826333911	NA
244287	0.324382593095637	NA
304183	0.356442212899364	NA
200309	1.07817470078043	NA
82260	-0.459604034092165	NA
277228	0.263638299179639	NA
240095	0.261950826333911	NA
261777	0.324382593095637	NA
240271	0.0804653298468131	NA
366752	0.294010446137638	NA
293221	0.201206532417913	NA
352885	0.261950826333911	NA
523577	0.261950826333911	NA
176115	-1.25168062103303	0.0953606352704276
358493	0.261950826333911	NA
320055	0.301179551574316	NA
204176	-0.13489988912236	NA
172296	0.0797190409816408	NA
294439	0.261950826333911	NA
386765	0.261950826333911	NA
204197	0.837250962706761	0.29832064706418
70628	0.621250000018038	NA
426016	0.261950826333911	NA
58127	0.324382593095637	NA
295210	-0.156443549292247	NA
305121	0.261950826333911	NA
113167	0.712370488584755	NA
301247	0.261950826333911	NA
302598	0.244497639067574	NA
523404	0.236641097913096	NA
190467	-1.18996953001267	0.0230951617208604
190464	0.265325772025367	NA
185951	-0.0532891482327783	NA
173874	-0.477347691857476	NA
135492	0.324382593095637	NA
295107	0.370093940394407	NA
113822	0.231578679375912	NA
265267	0.294010446137638	NA
276600	0.261950826333911	NA
562783	NA	NA
264640	-0.0704539419971616	NA
196708	0.23326615222164	NA
14178	0.23326615222164	NA
179563	0.201206532417913	NA
49837	-0.00695841440646798	NA
42877	0.204581478109369	NA
20568	1.08567201336322	NA
314582	0.324382593095637	NA
194565	-0.147029303101751	NA
353124	0.324382593095637	NA
593486	0.261950826333911	NA
41385	0.834041221970292	NA
246195	-0.506328588486451	NA
470599	0.0493457976279183	NA
302160	0.261950826333911	NA
175137	0.294010446137638	NA
179165	0.712370882780187	NA
182027	0.267013244871095	NA
269618	0.263638299179639	NA
347421	0.181734556137747	NA
313471	-0.0612643599836411	NA
193865	0.270805525839621	NA
204351	0.299140586816102	NA
341449	0.295697918983366	NA
138006	-1.140790741269	0.1123201406156
346400	0.261950826333911	NA
307981	2.15943730017483	0.00101898379950898
142066	0.358129685745092	NA
321899	0.294010446137638	NA
295585	-0.131195940933433	NA
167685	0.261950826333911	NA
295362	0.324382593095637	NA
295366	-0.0228356587892281	NA
133568	0.457127830047252	NA
196639	0.261950826333911	NA
295560	0.23326615222164	NA
186785	0.294010446137638	NA
533912	0.615120974004458	NA
295568	0.324382593095637	NA
301639	0.326070065941365	NA
93513	-1.07118253762537	0.566717018607204
195677	0.177652975459884	NA
29453	0.422667824697039	NA
470117	0.140462238501915	NA
572680	0.420623332441493	NA
470114	-0.405266532530351	NA
567506	0.39229567919912	NA
571884	0.261950826333911	NA
231510	0.231578679375912	NA
178148	-0.667927561996031	0.410908205282035
233648	-0.0383915285449063	NA
109807	-1.16925070947841	0.161203326241454
182804	-0.851941403352788	0.322316566843095
352092	0.324382593095637	NA
561594	0.0240406404073977	NA
172586	0.261950826333911	NA
553336	1.17228401673664	NA
288134	0.263638299179639	NA
322235	-1.30340254783092	0.0034175203366594
213401	-0.427457134738068	NA
307366	0.356442212899364	NA
302215	0.295697918983366	NA
299718	0.297385391829094	NA
234912	-1.19565464525583	0.0956030342630727
206881	-0.181046944980264	NA
352852	0.252573086119244	NA
156697	2.37839862226518	0.0390194429862283
272886	0.116904983923081	NA
308759	0.359879668576232	NA
199182	-0.964117350494811	NA
177214	-0.170516002670039	NA
311629	0.170834385459914	NA
92131	0.324382593095637	NA
329029	0.267018568802982	NA
325407	0.294010446137638	NA
230114	0.420624012696353	NA
308434	0.170834385459914	NA
193066	0.204584760537567	NA
325977	0.295697918983366	NA
263138	0.00758333537201016	NA
289771	0.261950826333911	NA
298635	0.202894005263641	NA
289774	0.263638299179639	NA
262554	0.358129685745092	NA
217008	0.358129685745092	NA
158045	0.294010446137638	NA
174885	0.231578679375912	NA
318760	-1.25029098698686	0.0162203426076524
364261	-0.404293841687995	NA
188307	0.261950826333911	NA
302231	0.324382593095637	NA
320879	0.23326615222164	NA
206442	-0.604787160534105	0.548056439737911
555725	0.327757538787093	NA
328458	-0.307722921166943	0.723037239648165
338380	0.111780777117679	NA
12562	0.453039970194959	NA
12567	0.238513452347326	NA
188786	0.261950826333911	NA
298875	0.261950826333911	NA
215468	0.140462238501915	NA
214444	0.0206671728409328	NA
110292	0.23326615222164	NA
114000	0.294010446137638	NA
527138	0.324382593095637	NA
250414	0.297385681651214	NA
312986	-1.09663136006051	0.0446072994920029
188900	0.179690912715356	NA
110054	0.324382593095637	NA
581652	0.17420933115137	NA
184403	-1.76461459209415	0.063420351969389
230741	0.261950826333911	NA
581658	0.202894005263641	NA
198481	0.261950826333911	NA
181330	0.0847877683789927	NA
307080	1.5328520668981	0.0350368703066194
180248	-1.27165458135876	0.0534951465030075
379762	0.455083865615979	NA
181111	0.145531443722581	NA
183867	0.202894005263641	NA
580920	0.261950826333911	NA
187812	-0.337872312479975	NA
247722	0.261950826333911	NA
177039	0.210058560337271	NA
576765	0.0510332704736468	NA
260559	0.324382593095637	NA
158222	-1.4861144275567	0.0162203426076524
148228	0.324382593095637	NA
195415	0.110090665222141	NA
449353	0.265325772025367	NA
304044	0.261950826333911	NA
358712	-0.093663675513227	NA
301032	0.324382593095637	NA
319506	0.324382593095637	NA
582284	-0.973293859608869	0.149815293678209
295953	0.23326615222164	NA
140758	0.294010446137638	NA
198909	0.324382593095637	NA
142842	-0.960640297930404	0.225746795200649
114575	0.172521858305642	NA
134455	0.122977686033652	NA
155593	0.294010446137638	NA
522930	NA	NA
292633	0.261950826333911	NA
323463	0.263638299179639	NA
233573	0.261950826333911	NA
205747	0.372143810034063	NA
371416	0.23839045935666	NA
64396	2.18911088404144	0.000131783571464331
236512	0.595044054887933	NA
146754	0.201206532417913	NA
182248	-0.452269473224741	0.825375353859941
199643	0.0847861735507031	NA
167166	0.324382593095637	NA
204126	0.358129685745092	NA
198845	0.236644786201487	NA
106565	-0.732987516523155	0.594417293074098
323791	0.453039970194959	NA
177969	0.261950826333911	NA
311964	0.261950826333911	NA
294606	0.294010446137638	NA
294604	0.261950826333911	NA
349949	-0.699608556886207	0.432440452498216
165115	-2.04650237283689	0.348530028889979
336542	0.242468252342423	NA
506496	-0.278811715342776	0.75067293745885
294196	-0.0892673633060692	0.97718807992512
158451	0.265326336031482	NA
190076	0.175903846655203	NA
52289	2.74237602542145	0.0140057417343174
330731	0.261950826333911	NA
149178	-0.18546141897051	0.80368677432251
198605	0.261950826333911	NA
363519	0.17420933115137	NA
167380	-0.205072624169664	0.907139169771382
294513	0.297385391829094	NA
190477	0.174215477424524	NA
321053	0.142149711347643	NA
102471	0.326070065941365	NA
534397	0.261950826333911	NA
9062	0.584748828508159	NA
518613	0.261950826333911	NA
210965	0.00143787498383895	NA
540933	0.324382593095637	NA
469935	0.420624012696353	NA
29205	0.231578679375912	NA
186029	-1.37260270991988	0.00292515225736935
216747	0.231578679375912	NA
180881	0.140462238501915	NA
549871	-0.954355092083883	0.343846328767498
269355	0.324382593095637	NA
63123	0.231578679375912	NA
390497	0.261950826333911	NA
589524	0.649581765982261	NA
562244	1.05318047145541	NA
188886	0.0189779286045436	NA
470691	-1.0740940509359	NA
470693	0.560509761107714	NA
278234	-1.11599184108257	0.149815293678209
179975	0.0947010056736866	NA
321137	0.261950826333911	NA
255669	0.358129685745092	NA
217901	-0.466573815066073	NA
301644	0.201206532417913	NA
353620	0.081395896829679	NA
132546	0.295697918983366	NA
190108	0.324382593095637	NA
512535	0.335626605552192	NA
329096	0.326070065941365	NA
164628	0.324382593095637	NA
208972	-0.0113984962880794	NA
299017	0.234953927054466	NA
176924	0.208475275376934	NA
169479	-0.275136732300086	0.689960793601678
31249	-0.508620870136074	NA
111084	0.294010446137638	NA
179408	0.261950826333911	NA
199885	0.261950826333911	NA
334393	-0.91062242364293	0.172175337143367
179795	0.23326615222164	NA
545359	0.326070065941365	NA
175074	0.0255577134778308	NA
321960	0.324382593095637	NA
569681	0.37207661014278	NA
554883	0.261950826333911	NA
287830	0.261950826333911	NA
321963	0.324382593095637	NA
69909	-0.555958536848224	0.346701340218722
319996	0.261950826333911	NA
264035	0.282853673795339	NA
72003	0.583598432248884	NA
148827	0.368041533363718	NA
520231	0.261950826333911	NA
370761	0.231578679375912	NA
1349	0.202894005263641	NA
76547	-0.548717035568088	0.551270647632348
330252	0.356442212899364	NA
563613	0.324382593095637	NA
174093	0.204584868086619	NA
13978	0.529998892623806	NA
350251	0.327757538787093	NA
183454	0.201206532417913	NA
179609	0.152919441601258	NA
361804	0.0745291597534351	NA
169077	0.261950826333911	NA
239340	0.261950826333911	NA
368509	0.261950826333911	NA
51535	-1.21395377754351	0.164588934446094
318972	0.295697918983366	NA
307224	0.055664926591214	NA
302844	-2.43244884703157	0.004488962750676
210945	-0.208275710664972	NA
544358	0.294478554245188	NA
335097	-0.497121770863065	NA
180658	0.261950826333911	NA
176014	0.295697918983366	NA
357961	0.324382593095637	NA
30067	0.172525021416993	NA
356167	0.261950826333911	NA
110842	0.787556222068315	NA
356164	0.286784661018133	NA
91326	0.201206532417913	NA
319196	0.140462238501915	NA
555041	0.294010446137638	NA
315199	0.174215494615336	NA
184320	0.231578679375912	NA
591818	0.231578679375912	NA
165397	0.261950826333911	NA
585054	0.204584817972892	NA
13803	0.324382593095637	NA
28175	0.324382593095637	NA
527415	0.641741250352411	0.573983560103997
343934	0.231578679375912	NA
527418	0.202894005263641	NA
12570	0.324382593095637	NA
560981	0.324382593095637	NA
100506	0.294010446137638	NA
319287	1.08302936930824	NA
171772	-0.0936586487675906	NA
348828	0.056681788630734	NA
28952	1.64478497661246	0.203665611712716
547287	0.779795233862958	NA
261703	0	NA
365160	-0.664533953033233	0.521670440827631
173135	0.295697918983366	NA
16054	0.231578679375912	NA
16057	0.261950826333911	NA
168571	0.55028833614254	NA
318396	0.130180946188645	NA
353461	0.170834385459914	NA
128228	NA	NA
287696	0.202894005263641	NA
577170	0.111780729279862	NA
262533	0.388501832703091	NA
348223	0.324382593095637	NA
179428	0.174215414668331	NA
348227	0.201206532417913	NA
523140	0.356442212899364	NA
100187	0.324382593095637	NA
306545	0.261950826333911	NA
253441	0.388501832703091	NA
190821	0.148110513455735	0.952427004434334
215507	0.295697918983366	NA
469709	-1.0693994132075	0.0269916871976934
292910	0.115152510081101	NA
370809	0.647537406094884	NA
409800	0.261950826333911	NA
183879	-0.867831574768559	0.106336209557629
386541	0.261950826333911	NA
158230	0.23326615222164	NA
110332	0.261950826333911	NA
366044	-0.720896063651851	0.595970619506215
358706	-0.531666578939942	0.754054765620182
470878	0.0684049060824368	NA
536099	0.329506895899076	NA
336539	0.208025078869806	NA
317892	0.23326615222164	NA
77706	0.261950826333911	NA
209475	0.294010446137638	NA
168776	-0.365411754651313	NA
323257	0.417867224655976	NA
292758	-0.428102400244035	NA
16477	0.356442212899364	NA
215095	0.324382593095637	NA
309070	0.324382593095637	NA
182274	0.261950826333911	NA
195574	0.481617949370041	NA
195572	-0.693522690523081	0.147690376837378
176137	0.488308051192196	NA
469920	0.204582463041051	NA
349944	0.2263149025624	NA
300300	0.23326615222164	NA
519880	0.0493511823409495	NA
223059	0.234953625067368	NA
311997	0.170834385459914	NA
123714	0.261950826333911	NA
104043	0.0544082161651029	NA
81319	0.324382593095637	NA
334177	0.324382593095637	NA
521976	0.558395527276084	NA
352517	0.140462238501915	NA
162491	0.0865345477351602	NA
114929	0.201206532417913	NA
349201	0.201206532417913	NA
539296	0.170834385459914	NA
378828	0.324382593095637	NA
422283	0.0249262656161418	NA
329241	-0.320290600487399	0.713117364453134
190045	0.18492090043242	NA
305146	0.329507815827424	NA
113111	0.261950826333911	NA
342085	0.303223138128071	NA
121180	0.356442212899364	NA
191712	0.261950826333911	NA
199212	0.261950826333911	NA
141146	0.267014734086268	NA
320414	0.324382593095637	NA
251117	-1.22877140318007	0.333300354834861
368299	0.324382593095637	NA
58657	0.358129685745092	NA
519627	0.356442212899364	NA
302061	0.324382593095637	NA
175682	NA	NA
34823	0.261950826333911	NA
303772	0.324382593095637	NA
175685	-0.9309015851296	0.0678013663554793
169076	-0.305135468216837	NA
278221	0.324382593095637	NA
299390	-0.129508505670049	NA
157055	0.30118051114983	NA
269360	0.294010446137638	NA
247202	0.147538065518997	0.907139169771382
351935	1.18122709410603	NA
199455	-0.283376662608706	NA
209122	0.274856220905999	NA
149091	0.3335957474049	NA
195355	0.23326615222164	NA
185845	0.295697918983366	NA
249899	1.39696487796098	NA
456825	0.294010446137638	NA
337811	0.326070065941365	NA
6821	-1.74169768401681	0.111974957443851
168711	-0.465059780982181	NA
317127	0.324382593095637	NA
533937	-0.217851843940535	0.911516621746248
168716	-1.40381581600313	0.0829608214940638
538259	0.177646168328383	NA
176861	0.201206532417913	NA
516022	-0.951352350220017	0.224618465399074
295019	0.420624012696353	NA
301656	0.170834385459914	NA
38061	2.23087945609864	0.195315925719483
364198	0.149313627774205	NA
290254	0.236641097913096	NA
70461	0.294010446137638	NA
84214	0.231578679375912	NA
470462	1.24071039861406	0.0534951465030075
563880	0.39229567919912	NA
59902	0.356442212899364	NA
178122	0.263638299179639	NA
238635	0.326070065941365	NA
184155	0.202894005263641	NA
111982	0.261950826333911	NA
24210	1.53753979793635	0.265687961841441
334145	0.324382593095637	NA
196508	0.324382593095637	NA
187164	-0.839637155613246	0.192772656953527
570119	0.206272601630592	NA
207532	0.261950826333911	NA
234443	-0.0417706432460784	NA
368270	0.294010446137638	NA
540055	-0.0856377556931409	NA
197052	0.201206532417913	NA
346253	0.265325772025367	NA
217802	0.261950826333911	NA
288487	0.265325772025367	NA
362470	0.170834385459914	NA
179320	0.231578679375912	NA
134476	0.261950826333911	NA
174793	0.201206532417913	NA
192990	0.324382593095637	NA
149430	0.261950826333911	NA
178056	0.326070065941365	NA
185339	0.261950826333911	NA
13964	0.324382593095637	NA
215843	-0.61648686705017	NA
446356	-0.0349561284871416	NA
147678	0.582704616808539	NA
230132	-0.224003524994072	NA
303255	0.231578679375912	NA
109002	0.324382593095637	NA
272513	-0.188564092941824	NA
344394	-1.46251306651751	NA
546816	0.261950826333911	NA
221226	0.231578679375912	NA
103428	0.261950826333911	NA
301879	0.294010446137638	NA
207624	-0.551072870073144	NA
287598	0.324382593095637	NA
131039	0.261950826333911	NA
107235	NA	NA
320898	0.261950826333911	NA
93647	0.261950826333911	NA
381694	0.53013405644468	NA
95502	0.324382593095637	NA
249252	0.324382593095637	NA
256779	0.566837362605871	NA
192376	0.261950826333911	NA
593848	-0.191943905190345	NA
165410	-0.91182333627581	0.605825198124615
381453	0.231578679375912	NA
311772	0.261950826333911	NA
177830	0.161736919238402	0.907139169771382
319547	-0.634793418207814	0.723037239648165
212304	0.276853375054208	NA
374052	2.20635863716373	0.00213283828306908
171788	0.0602031018878976	NA
298812	0.324382593095637	NA
552235	0.111780839677037	NA
248474	0.937476736176961	NA
547824	0.231578679375912	NA
213306	-1.17991450317379	0.106336209557629
422931	0.297385391829094	NA
16040	-0.427914593521594	NA
301124	0.294010446137638	NA
561636	1.22078705193267	0.0452681163381023
69942	0.265325772025367	NA
267416	0.204582327840887	NA
326785	-0.0229205681357586	NA
310393	0.261950826333911	NA
145236	-0.388051099571414	0.80368677432251
177788	0.115920712234283	0.937515258914539
544596	0.317072637041821	NA
193348	0.324382593095637	NA
17976	0.324382593095637	NA
180983	0.324382593095637	NA
196262	0.324382593095637	NA
195998	0.326070065941365	NA
526531	-1.2852939462715	0.126513491855467
151543	0.420624012696353	NA
82476	0.356442212899364	NA
100198	0.326070065941365	NA
279205	0.263638299179639	NA
192552	0.261950826333911	NA
292384	0.261950826333911	NA
292438	0.358129685745092	NA
266274	0.202894005263641	NA
181170	-0.429983059705645	0.606082415008788
181174	0.111778589718658	NA
139948	0.0848022886731343	NA
110327	0.261950826333911	NA
340170	0.263638299179639	NA
173147	0.324382593095637	NA
287576	-1.06576313291453	0.316845099130428
192187	0.268769131480641	NA
157417	0.324382593095637	NA
230437	0.745851797160149	NA
81255	0.231578679375912	NA
69384	0.390251186927355	NA
230921	0.324382593095637	NA
81251	0.727414383864983	NA
177306	0.236646418273615	NA
117866	0.206276222610342	NA
132991	0.116908092173609	NA
115132	0.263638299179639	NA
293097	-0.0675727792806558	NA
292651	0.0298612514570118	NA
176635	0.206270755332913	NA
268540	0.143837184193371	NA
25583	0.31340541673026	NA
72830	0.175901885571748	NA
298072	0.201206532417913	NA
74391	2.29601631770028	0.106336209557629
546335	0.324382593095637	NA
193761	0.261950826333911	NA
287880	0.324382593095637	NA
366143	-0.27477474727526	NA
341752	0.489544045148687	NA
524245	0.398427608657908	NA
101552	0.714408436960054	NA
196082	0.327757538787093	NA
417981	0.3619235337012	NA
196080	0.356442212899364	NA
581741	0.297385937365598	NA
97301	0.492879451298566	NA
344920	2.06530100293621	0.158280558586114
579366	0.295697918983366	NA
87223	0.388501832703091	NA
293896	-0.665542348375414	0.551270647632348
187983	-0.404247679677899	NA
185451	-0.000555097772570293	NA
194869	0.129099097260931	NA
293389	0.231578679375912	NA
592118	0.324382593095637	NA
292962	0.261950826333911	NA
4805	0.712320746313797	NA
184983	0.388501832703091	NA
350834	0.14215306402685	NA
102459	0.261950826333911	NA
203991	-0.995206623314823	0.063420351969389
484296	0.31972378758534	NA
470759	0.147280583502222	NA
320402	0.265325772025367	NA
134601	0.324382593095637	NA
271214	-0.0037545129456413	NA
179080	0.23326615222164	NA
125439	0.231578679375912	NA
130228	-1.71910305544775	0.0829608214940638
294710	-0.69640460968	0.175771028426503
139920	0.356442212899364	NA
540910	0.20802456094332	NA
302090	0.263638299179639	NA
317286	-0.0227500971300258	NA
391129	0.231578679375912	NA
9568	0.356442212899364	NA
321681	0	NA
289035	0.140462238501915	NA
243024	0.172521858305642	NA
9796	0.261950826333911	NA
176495	-0.526899397081888	0.376863519746038
146027	0.261950826333911	NA
563616	1.38819075316671	0.613317510050463
232273	0.115159154084903	NA
179319	0.108488241359931	NA
11319	1.04864262750497	0.419785791193507
295028	0.294010446137638	NA
188236	0.122959979763319	NA
295539	0.294010446137638	NA
295532	0.261950826333911	NA
295024	-0.636910042815468	0.636912987026529
58262	-0.937335710708277	NA
175271	0.324382593095637	NA
288325	-0.495925180146327	0.610803629189468
353085	0.324382593095637	NA
537420	0.263638299179639	NA
364563	0.294010446137638	NA
195034	0.261950826333911	NA
198555	0.261950826333911	NA
163601	-0.308912494114852	NA
275171	0.261950826333911	NA
65355	0.388501832703091	NA
296193	0.261950826333911	NA
109546	-0.899055188644576	0.60419607019881
385780	-0.345492112826068	NA
179429	0.324382593095637	NA
209866	0.206275454206705	NA
263366	0.231578679375912	NA
368907	-0.669524167171303	NA
114115	0.202894005263641	NA
229097	0.122969263671196	NA
132359	0.0206611235156475	NA
33681	0.116905182909198	NA
119271	0.326070065941365	NA
548216	0.0830928902773735	NA
545377	0.231578679375912	NA
529789	0.261950826333911	NA
212042	-1.1974502725966	0.417731548484132
178882	0.261950826333911	NA
335564	0.261950826333911	NA
470527	0.170834385459914	NA
365763	-0.830864098791384	0.322316566843095
470523	0.324382593095637	NA
206472	0.356442212899364	NA
334729	-0.829162432136067	0.512320217335742
471124	0.324382593095637	NA
471120	0.326070065941365	NA
171559	-0.400653780135443	NA
471122	-0.471376226668897	NA
72606	0.326070065941365	NA
367241	0.428765933937368	NA
171551	0.23326615222164	NA
527920	1.64168303196333	0.512320217335742
147444	0.265325772025367	NA
326369	0.428799122224864	NA
114813	0.0493457976279184	NA
325211	0.324382593095637	NA
110825	-0.0474189130893071	0.987974538272808
291630	0.420624012696353	NA
312546	0.181704718140145	NA
70974	0.228369286283384	NA
301680	0.261950826333911	NA
142563	-0.150358018538207	NA
207610	0.324382593095637	NA
296948	0.295697918983366	NA
178449	0.231578679375912	NA
207615	0.265325772025367	NA
195692	0.170834385459914	NA
310490	0.294010446137638	NA
111446	0.356442212899364	NA
114497	0.250464924839351	NA
182927	-0.169109395537253	NA
266715	0.261950826333911	NA
319153	0.324382593095637	NA
13825	-0.265487094036684	0.752942060326906
300644	-1.72062647333952	0.0499716224392201
194924	0.428781819321231	NA
311703	0.324382593095637	NA
217075	0.326070065941365	NA
170339	0.324382593095637	NA
298804	0.231578679375912	NA
319806	0.201206532417913	NA
259959	-0.53758275827648	0.735792838287815
108137	-0.0612445468481704	NA
431235	0.201206532417913	NA
206906	-0.285147915258079	0.754054765620182
298806	1.68401730876767	0.0487687267732575
